AX:  50
AXE: 8.559642709689852

AY:  -2
AYE: 13.22200672395419

AZ:  7.142857142857143
AZE: 13.939718919217777

GX:  -3.3691128148959475
GXE: 4.775968830410966

GY: 0.761744966442953
GYE: 1.7413255769960627

GZ:  -1.3554794520547946
GZE: 2.204437606806915