AXE: 8.559642709689852

AYE: 13.22200672395419

AZE: 13.939718919217777

GXE: 4.775968830410966

GYE: 1.7413255769960627

GZE: 2.204437606806915